207
519
pictures/персонажи/стив.bmp
262
262
380
574
pictures/предметы/алмазный_меч.bmp
98
98
249
621
pictures/предметы/тотем.bmp
50
50
1289
605
pictures/мебель/кровать.bmp
195
195
446
620
pictures/мебель/стол1.bmp
162
162
518
580
pictures/персонажи/джерри.bmp
78
78
645
599
pictures/персонажи/том.bmp
171
171
247
122
pictures/персонажи/алекс.bmp
190
190
438
61
pictures/техника/FV215b(183).bmp
324
324
1323
600
pictures/животные/кот.bmp
116
116
1183
668
pictures/еда/арбуз.bmp
100
100
388
131
pictures/растения/роза2блока.bmp
200
200
442
133
pictures/растения/роза2блока.bmp
200
200
506
185
pictures/растения/роза2блока.bmp
200
200
389
233
pictures/растения/мак.bmp
88
88
506
280
pictures/растения/ромашка.bmp
70
70
388
306
pictures/растения/Одуванчик.bmp
110
110
633
233
pictures/растения/красныйй_тюльпан.bmp
104
104
1016
363
pictures/техника/танк1.bmp
307
307
